11514741
11377701
11465678
11506862
11400878
11356283
11416227
11427334
11551884
11586114
11597787
11660489
11317466
11715305
11187481
11330764
11191705
11287745
11629972
11330608
11287753
11294067
11137476
11067982
11155938
11193228
11292668
11481258
11291955
11315722
11124412
11172603
11672576
11286471
11188348
11455931
11522914
11288113
11156071
11706918
11617931
200211222
11689045
11734326
11734997
11355848
11356798
11380044
11416359
11430882
11435426
11441922
11447041
11450409
11467212
11477048
11482866
11488449
11490354
11493418
11494902
11513699
11517066
11541676
11551876
11555952
11563505
11574272
11577603
11582011
11601407
11602845
11605909
11528084
11406493
11406574
11498355
11440349
11523406
11355473
11619055
11701088
11530143
11470566
11020854
11327356
11710915
11181548
11129473
11259687
11318136
11317385
11173553
11291688
11338587
11201603
11712934
11717537
11757113
11637339
11665839
11318721
11715399
11201336
11130641
11711377
11322664
11293095
11157361
11746421
11336053
11191713
11187112
11144022
11328875
11664212
11880837
11329197
11568256
11405128
11287737
11548581
11468367
11316095
11171194
11498169
11766279
11386751
11777602
11654411
11788841
11745417
12032546
11759973
11632159
221278954
11337904
11794663
11795104
11821016
11325469
202156679
202176599
202214113
203194396
39922229
X000293
X002200
11826263
11808788
221042756
11811533
11786032
11835734
11577301
11626906
11791001
203107612
221346801
11846612
221739897
11876171
11748785
221860939
221470928
221451567
421495203
221568197
221921474
221656916
11927647
221425655
221066221
221559279
11482106
11876554
11702556
11568124
11134256
11878867
11809075
11878875
11885944
11882546
11031376
11443259
11898531
11433202
11805339
11020803
11906976
222202838
202176297
11916572
222308067
11855069
11878328
11919768
11922432
11172395
11934015
11935488
11925334
11925679
221924325
11935402
11939114
11936395
11905856
11940384
11941992
222450092
11902474
11669435
11790447
11963252
11787861
11797786
11964461
12070944
11885251
11425803
222985077
12120496
422486194
222339337
222903712
220407408
12101653
222943889
222906312
222945261
222988866
222850422
222830693
222923284
12070553
11957007
222779639
222410775
11651919
11760475
11809954
222592067
12008793
12003783
222762736
222308679
222900586
11904809
222308687
222525971
223319925
11974084
11762419
11765191
11765302
223648252
12030381
12014572
221793948
11464582
223683449
223688351
223746211
223487488
12039478
223555564
12089629
223694947
12596628
12044951
12163683
223748516
12045648
223825545
223739606
322908285
223450789
423204249
422812083
11890352
12587785
223825251
223773723
12051125
423405775
222430253
423290994
223727799
423692146
423233281
423265779
223680946
12130211
423516933
223322861
12176343
423447184
423240202
12051249
11889427
12051338
223774975
12037718
11842757
223722266
423436913
423304847
223418265
423544899
423541997
423533625
223734396
423576669
223322845
222957502
223704675
423574224
222986391
423388552
223357819
223810742
423375957
223705051
323816783
423288132
223455306
11852027
12056623
223347643
423617713
222870083
223507373
222837515
223824891
223690283
223689951
423526319
223697679
222922806
223821728
12059568
11969536
12069776
11927035
223834218
11932136
12059428
12076594
11830791
11940759
223810459
11971808
224366099
12089394
11841238
11124552
11939882
12096927
223828358
220939566
221969108
11717863
224115266
12100207
11873539
221107963
422297405
223700327
323762985
421494878
423730315
224365629
224302228
224464937
224328197
224410586
423937068
423992484
424058106
423997583
424318388
424408506
424012416
424277169
424230197
424072168
424468053
423988762
323364475
423856548
223977604
424514284
423889616
424101346
324092797
424232904
423999497
424063495
424241407
424017698
423992638
424032581
423903538
423799447
423858427
223997281
424019089
223652357
224522473
223920823
224253618
222153896
423429186
423572663
224031372
423971665
424092746
424132373
424049115
423874953
424004472
423880368
423879548
424252069
423876948
424174181
424339741
424316512
424443131
423914254
424231983
424242896
11592084
424335487
424519774
423420308
424247413
423777141
224116572
424064688
423775351
224174785
424200573
223283653
324300349
424074888
224098078
222228624
12103346
224161365
224384151
11796704
12119072
11959689
11856065
223684747
11948261
224504254
223341882
224522538
224146749
12097974
424422207
424017795
11882791
224543594
224509442
222339779
12137968
423533412
11959387
221636354
12035014
223668482
224306304
224406872
12143607
12136295
12145898
224453439
224975974
224464007
11833901
225032488
223537752
221838984
224959898
11977636
12149559
223670495
324505773
223358394
12136805
222204873
223734914
222930302
221442436
222778551
222112618
11555936
224951129
225081314
225172468
222637982
225062085
225103237
12091399
423210613
224718335
324632457
224852295
224766402
224248274
224522279
225041878
424112763
423963786
423979836
424516031
424514365
424248703
424053155
423843918
424176729
423780134
424265985
424282073
424846341
424510726
424300322
425027093
424392308
424498696
202208199
222132643
12141175
225062026
424740128
424747416
424845841
424802808
424637262
424817287
424889911
424633828
424804088
424756288
424628883
424560804
424778362
424606219
424754358
424528218
424868264
424796042
424860166
424722464
424946648
424739294
424655325
424634565
424864129
424704741
424545716
424773921
425142119
424715476
425004379
423970758
424718696
424653322
424625523
424855251
424906271
424546186
424883697
224776637
424734217
422656421
424973475
424626392
424620777
424672033
425186906
424559725
424884553
425144391
324915106
224939072
424643998
424635642
424682004
424606642
424608866
424761834
424718637
424609331
424570885
424538612
424538485
424708127
425134248
424893439
424602329
424573736
424583626
424580848
424914274
424781339
424626104
424611638
424585815
424641723
225089072
221752907
424595381
424099724
424641855
423999047
424958727
424799505
424655996
422491236
424902772
424022381
425116215
424647926
424607533
423858281
425014382
224567809
424976563
225107739
224117048
424697915
424781266
424740381
424951714
424574716
224579351
424592641
424860573
424550485
424977632
424854727
424719331
424831301
424831239
425150111
325133624
424748951
424943754
424762857
424716537
324291919
222950125
424542318
423922516
424699594
X006235
224477591
224559938
221757712
225188283
424979481
424796395
224780006
225080113
224301124
224855723
424587931
423928948
324781738
425098241
424875406
424620998
424722006
225179799
222788905
424528293
424853879
424894877
424992054
424153664
12165899
224297534
224537829
12165627
222474242
224670219
225169335
424027197
425077317
423813474
423667915
224493732
225105124
221796165
12141272
424583855
424198439
223659122
224018325
222770356
224384089
223823429
223659114
224178527
224444731
325101781
224481653
224177199
224514217
424428213
X000749
X000751
X000882
X000635
X000628
X000629
225211226
225225901
424813931
223762667
12154609
12091186
222168788
11861328
11603779
11463349
424797421
12175797
222902872
424516376
222545573
223531509
11808907
221817901
221953473
224278319
224155098
223839112
222505741
223545682
224405221
224519804
223667877
223294345
224443301
221947503
224391115
222598014
222762914
224115304
424453714
222474447
424205079
223981121
222675434
223306823
223288604
223876646
420243995
222605983
224147443
224186406
223420863
224402214
223998083
224365491
224421979
223328894
224270512
223374101
222577653
223523123
12206099
222638091
11879405
224202037
223497807
223349743
224386421
424104388
12181177
223381337
224449555
12185857
224880248
225362984
225355961
220747993
X001932
X001944
12147629
12189437
225115529
223725982
12189054
11957805
424958433
12009234
225737457
225739824
224360724
12186519
224656712
12195828
225221752
X002201
221286485
225168126
220543662
12199424
225217453
12106728
225592998
12199386
12176785
12037319
224581801
12199114
12183226
222867538
11855344
225244655
12120526
12149974
12144824
X008365
X008364
X008368
11687123
X008366
11771302
225038443
11961195
12198525
424999857
425025619
425023314
425179292
224774537
425187961
425068318
425110411
425081233
424855243
425076744
424956392
425056646
224579734
225585223
225817566
225259199
425804227
425270176
225258818
425601458
225661531
425693816
225797301
225159917
225723995
225118145
225781715
225645765
225829246
223200588
225216198
222532641
225798642
225781731
425330349
225344439
425469509
425390805
425227351
425724924
424711314
425477196
225733745
425281216
424693952
225714341
225361163
425458833
425555006
424938955
425654799
425294822
425401793
425480197
425422502
425679759
425411756
425436244
425439251
425389742
425170341
425555278
425536109
425608274
425581988
425279319
425382543
425533614
425628836
425400975
425868381
425365584
225576003
425557505
425295489
425577905
425683403
425428179
425476653
425337505
425457705
425279211
425414933
425386476
425640593
425889451
424628344
425409131
425259733
425466348
425519182
425309935
425411551
425564269
425557696
425294539
425533878
425438557
425838865
425357859
425341685
425465007
425608029
425376829
425273515
425376071
425331809
425260251
425558978
425362062
425264346
425260782
425559486
425438913
425255215
425568957
225539299
225813722
225388843
425361538
425428691
425344129
425486365
425313975
425535129
425662635
425424017
425274384
425405454
322391541
425890638
425423444
425304208
425534556
425661256
425614495
425440268
222724737
425456687
425305131
425257617
424616087
425540939
425597752
325843753
325708902
425702947
425686593
425445375
425725947
424784257
423921528
425869698
425523589
425847341
425847309
325669532
425359371
424962449
423554444
425697455
425654039
425632337
425392441
425537075
225826174
225399667
225761056
225835335
225825879
11765922
225609742
225872796
203115224
425415174
425247387
425842277
425259407
425315463
425888803
425270532
425256262
225815016
225844369
225573411
225333275
425707701
425719424
424838667
425603388
225724347
425477455
425289225
425845373
425631675
425340638
425780107
425302949
425274562
425669419
425298682
425510479
225837923
425367269
225754394
423302003
425766449
425890026
425549987
425339516
425543199
425665898
425890867
225646575
325348272
X005010
424835684
425828037
425005502
423817631
424518654
425466437
424724475
424987107
425704389
425555367
425275135
425154893
225817302
425705547
424644005
425541242
425510592
425644815
225888331
425886312
325773313
225225944
225747142
12227045
325060929
424933244
225217607
11569694
12049848
224791113
X002403
225902601
12216833
12230046
220823207
12231425
225102575
224382949
224611905
225166077
224913049
224917745
225065343
12111063
12222531
12134861
12237822
12237768
225750968
11974246
225158465
X005693
225880659
225894439
X005707
225671316
225303856
225788841
225082884
12241935
224397415
225139924
226293382
12088983
11867245
12243059
223997001
12241587
12159589
225886428
12244861
225847945
225771302
225233599
12244853
X006143
12243342
11807838
225891391
225891405
12248611
225852728
226386321
12248735
11993119
12249146
225839918
12144255
226484153
225978276
11885197
12560232
12253933
11925121
12156202
12107287
12564262
326143917
11916076
12563746
12190583
425889494
225894501
11908936
426363941
325126997
426103702
426552027
426024551
225834134
426283794
426024632
426586282
426147661
223304294
223220627
222982132
12562642
426538857
425999044
12567288
226507609
225083821
223529598
224701203
224909203
426427494
326172623
12151316
X006371
225748238
425893874
425981617
425426737
425687913
425881612
425592246
425345818
425250094
424903906
425672843
425590901
425202014
426637367
226536439
225665596
226547236
226564254
226530554
222655247
226597098
222428437
426322838
425294318
425546244
226567547
226557622
226367718
426289415
426092255
426017601
426105888
426280884
426285843
426088509
426089114
426190974
426558726
426360721
426236214
426058057
425945939
426353369
426040476
426159554
425957295
225947176
426249901
426107074
426207265
423871954
426397714
426152711
426202786
426019094
426063107
426087359
426000385
425310445
426260956
426303116
426232871
426254131
425399969
426159015
226084678
426204231
426262371
326424959
425978489
426161761
426613395
226215896
426209918
426048523
425924605
425911996
426044668
426312328
326600919
426050617
425945483
426120992
425234048
426501945
426106574
425994018
425954709
425941313
425982168
426201577
225896997
425914243
426277646
425959476
426071711
426273225
326452286
425991515
426046075
426333821
425678116
425919032
426360241
425911384
426024497
426212617
426068028
426482568
426120062
425966685
426100428
426283964
425977865
426016001
426185164
426129779
426299992
426215586
326484781
425933108
425984187
326413965
226152851
426127253
426302179
226551195
225850415
226199432
220823223
226471302
12570645
426319756
426167697
426213923
223286091
426399873
426211548
426201372
425959433
425952765
426361329
426107627
426166844
426147998
425940317
226570017
326159708
425316125
425968149
426063875
426193868
426266598
426248824
426124904
426096471
425954962
425897055
426117401
425373528
426036452
426310546
426219212
425813765
426237989
425969722
226441209
426070715
425315021
425390163
425961896
426105195
426089718
425911988
425959301
426168383
426030772
226427834
226187469
426363372
426372649
426087316
426253356
12636239
426024179
325977202
224686131
426650819
425976869
226039621
426117444
426233835
426151758
426303876
426076926
426382873
425920537
426169509
425915924
426129345
426264943
426020807
425928589
425974947
425368745
426256576
223295716
426360187
426230356
426247704
426179067
326433273
425945947
426048736
424111074
426393891
325777165
426095033
426022133
425927205
226470837
426229277
426045184
426037211
426394588
326433206
426094959
425735535
426343983
426069865
326413531
425524348
426188015
426137593
12573156
426485044
426652838
426654512
425909142
326235463
426048019
426651459
426246953
426261731
425910213
426653168
326576236
426221373
426656388
425939319
426086263
326239353
426291061
426069059
426393883
426083469
426580101
226053772
426566419
426519542
426401894
426538997
425959239
426210274
425608185
426273934
425926071
426655098
426557304
X006407
426316641
425979078
425963023
426025035
426422492
426023903
425982613
426651343
12572583
12559544
226197251
425964313
426378019
426299704
426534797
426259907
425902393
X006410
426025485
426065134
426443376
426656256
426232189
226504138
423883715
12571706
426322102
226532417
226646617
426264129
226315548
426059193
426177226
226158671
426511649
426388987
225453211
426035375
326135817
426613867
426056933
222773401
326319985
426447177
426424533
426479214
X006412
11900609
12575183
426213966
11977644
426560011
426648857
426543265
326440512
425985574
426351897
226073927
426530686
426316048
426065924
425271296
426655365
426350904
325851411
326163853
426121204
326493713
226523698
326272849
426216043
426161508
326489015
326244829
226174316
325754378
226412225
326405261
326062933
326135426
225899198
426108135
226626977
325741535
326409038
326208296
226180081
226210762
226202123
426647451
326333554
X006807
326476177
425586297
325786504
425753606
326076179
326144352
425668234
326026341
12575051
325957546
325093673
226126133
226348268
326589567
226548259
222240012
225877909
426635844
426488914
326149435
326313634
226083736
426598493
426561158
426466384
426379554
426627957
226531453
426021951
426357577
426370271
426326965
326638169
426253291
426614553
12575574
426689626
426102307
225697579
226571587
226712407
326644509
12580489
12173808
222367543
12581124
12576902
12250071
12241366
226503492
12582856
12582465
225861751
225887726
226518538
225852469
225886878
225887858
12007444
12585227
225271695
12150115
12587483
12232413
12587742
X007068
226683806
12030802
12590867
226634597
12089882
226921987
11621475
225421573
12591243
225251279
225882163
225752308
12587696
226911221
224593265
12589796
227154491
12594455
226551756
12594919
12235331
12032627
223744189
226826348
225734342
12589206
12058251
225897098
225886029
12001578
11301748
12601559
X007225
12602431
12602598
12030098
12130297
12604914
12605767
12126168
226634503
X007265
12605961
227305392
12129752
12608987
12609851
226993627
12092395
12608391
227312828
326704358
427326918
12613239
12609258
12614863
12614715
327354296
327291944
327141071
327262111
427127117
327269876
227281434
12616157
327284913
427439232
427434605
427428419
427180093
12566389
427411699
427389286
427440583
427396738
12617609
427428389
12561514
12614316
427441288
227344835
225044699
427400328
12187205
227418529
426910977
327450864
323726903
427074285
327236293
12219484
426816571
427075389
327428516
327158632
327434877
12625024
X007653
427138887
12615924
427430944
427452174
427440656
427481158
220710305
327254658
326895455
227441431
227076911
427434923
426970503
327456862
426886499
426842017
427463036
327322637
225866567
X007752
327014487
11543164
X007758
227240061
426970155
427062074
427016056
425937251
426785501
426922185
426699648
327263681
426827891
12033798
426720647
427035522
426866706
426840103
426895668
327054799
426045028
426747693
426726416
426774763
426823845
426824442
426648806
426725886
426871394
426904349
426792796
426875802
426887274
426737507
426844842
426944472
426020017
426891743
426244349
427039161
427006743
427083551
426719541
426824744
426896338
427109046
426958384
426745771
327456951
426753022
426919478
426839318
427031055
426916568
426698838
426588536
427107493
427154874
426937107
427072339
426604299
426813599
322206337
426874059
426629747
426089262
426897962
327014975
426789809
426735776
327228975
427207161
426955288
426862182
426797364
326731126
12625288
326939355
327331148
227225178
327303136
327329925
426763222
427454789
426843064
426693852
327308847
426632551
327418537
426752794
327456978
427030512
426188821
327456455
427407306
426715309
426756862
426879883
426954621
327409368
327393224
426212676
426725479
426948478
226674254
426196794
426773104
327485277
426503077
426245922
426633973
426789612
427142876
427139875
426865173
426885018
427312097
426884909
321948062
327225062
426773082
327055817
426832453
227272052
327152189
327474917
327487415
427176789
327474747
325703404
427044211
326637979
327401979
427185036
327363104
327484734
427142353
426807335
427063844
227404862
426064693
327304914
427195686
427139719
327484386
426359316
227424189
327377644
427492699
427419363
327091309
426767279
327438996
425895494
426960176
327314847
426677393
427087506
227256995
427115755
426896923
327469441
426985241
327456889
425996932
426918633
426921936
426969777
426772329
426747987
426306301
426788047
224137758
426772442
326893789
427209512
426978083
427017567
326938537
427127192
426829746
426587408
326998874
326954044
426940086
427079465
326857049
427047555
426972271
427157865
327275078
426756935
427496295
427181413
427195023
426882094
427175006
427078159
426750953
426874539
426910268
427099946
426321084
325861999
227123677
327456927
427162435
327408159
426886928
427017389
327357295
426788187
327020037
326930803
426578557
426738481
426827654
425943472
327234061
327390225
327431738
327477061
426819783
426982765
427018571
427445917
327423913
326833093
427099458
425974181
426987589
327456994
427496759
327326403
227329577
426862409
426584018
327271617
426879778
427038998
427168565
426872455
426839911
426763303
327389936
327460169
426973588
227248208
426699613
427050017
327128849
427038513
426724634
426898209
327316645
426951886
427038939
327298795
427166414
427460525
427454649
426895099
426721368
426829312
427206459
327411567
327021343
327009009
326999536
327283062
427212874
426775972
327370119
426780089
326966506
427495124
326821362
226936267
327358895
426860635
327255786
327456897
326677385
427191788
427214648
427495132
327389758
427495353
426716283
427170217
327468089
12629607
427031527
426585596
426874687
326860244
426962322
426888467
426280604
426976196
427003523
425935186
327492508
427497224
326942909
426853302
427056449
402157624
426316277
227129926
427024938
426912627
326984121
327254186
227339033
426869411
427065294
12053799
227349187
227390071
427050076
327420329
326930013
227248038
227400174
427385604
327249468
327400255
327488632
427107957
427039285
327456919
426874601
327274632
427010759
227473597
326911329
227247228
426702584
326698242
427018849
326932784
327128601
326712288
427322106
326875039
426927586
327346277
426868679
427171299
226988054
427216101
326845334
427102386
327379159
226569973
327480496
227289168
426303299
327125076
327432394
327456803
327402053
427129675
425963899
327384578
227473759
227473678
224506028
427011259
427492958
327456943
227377946
227247309
427491579
327231895
427022382
427070948
427453677
225768522
224033022
327257541
326412055
327487296
427212793
327490343
327466922
327389944
426847426
227335798
426978059
226318601
327069257
426910993
427431886
426710994
427199592
327061086
327465209
426792095
12630583
327452654
12630559
12630524
12615916
426746026
327128245
427077837
427170926
327450422
227442497
327106861
327259404
327451895
427039528
426725096
222953809
426806711
327465403
326762358
227222853
327428044
426717913
327307573
426789477
227127583
427249166
12631172
327384853
327403718
327379078
326725177
327303039
326802228
327392171
327458946
327153452
327470849
227429016
426840359
326478749
327494225
327382869
326853191
327393755
326853108
326880407
226608464
327456935
326781549
226424436
327430901
327486478
326014785
326662396
324736244
327121976
327261778
327314995
327300781
327311775
427294463
326849836
427043851
327290093
327266303
326029421
326839091
427501515
327462005
327244385
227304132
227494128
327368319
327004376
327439275
326273675
326311488
326755246
326522233
227429709
326677423
327256235
325092081
427063992
427093093
327484009
326690225
327231755
327325237
326844001
325899546
326511355
226339072
427178129
326953803
326810085
427403785
326946289
327388689
327281086
327179087
326194589
326907569
326804352
327285413
226415607
426879832
327402231
326820463
327221652
326848279
326295938
227372553
326722135
326906775
427296776
326677199
327180581
327232255
326501562
224186309
227501922
426970597
326847329
326855887
426264536
326824108
326768127
327350282
424899887
326703742
326693283
326703602
326835584
326697742
227177734
326942992
426390922
327131637
427291065
326533677
327236374
326684195
327425576
326939266
326858312
327150674
326864355
326473712
327304825
326874903
326814161
326725134
327486028
327482227
327028941
327473619
326820293
227381161
326925966
326690829
325763911
327127745
427215679
226584603
327392295
427200752
327473929
327432491
327405788
11555502
425024256
227518728
326976137
426912031
222766839
227450996
12630893
12071657
12630761
X007936
X007948
12642271
12642263
12091437
227270823
12641607
12643707
227366588
12642514
227468666
227502325
X007983
12645351
12640554
227487059
12647265
X008370
12080389
427574326
12623501
427629473
12649276
227479757
327607763
12163721
327390888
227434842
427608085
11651153
427536831
227490084
427536904
327707156
226568756
327796736
225866788
227742067
12652218
327609332
12026899
12653044
221593337
226581663
12192225
327844862
12070715
225737392
12656523
327972437
12135019
12657546
12657791
223549203
327511189
12657872
12658739
12658836
12562715
12659352
11667696
12237407
326797887
12659549
12140187
12655012
327526534
228060539
12660237
327483398
227844889
12661918
X008559
12661985
228113233
12662701
226097354
12655373
12655322
328117565
328058305
327083349
12663376
227487768
327284549
327577325
12664631
12664674
12664356
327607054
12664941
12068648
328137124
12658534
227667596
12035545
12656701
12665093
12666049
11907646
12663473
327756505
12666359
12655985
12666642
327800873
X001420
12208903
327694852
328160975
11988042
12667428
228174356
328052501
228071026
12667592
328094301
327649679
327358208
327603636
12667657
327945995
327706311
327651681
327683362
327621502
327881075
328097602
327515745
227804127
12668483
327646734
327502732
12668769
328108426
327842991
12669315
427656535
224402133
328120086
12669307
12669218
328081242
327525759
328085361
11902369
327903966
327921832
328092724
327348288
327896846
327520986
328051262
328082176
327529371
327505944
327666506
327649539
327513351
327517306
328056221
327523489
327557073
12671069
327723372
428197224
427561879
428188357
12659654
327859363
12670585
327640515
327521583
428197208
228169301
228169298
327524418
327459195
428196899
X008682
12673169
328089782
427666573
327720209
428151178
328070895
327763404
328077652
327787931
228161114
228173341
427970272
12673452
328166744
327639851
12673347
327785807
327725367
427032566
327693392
328172175
12251892
327510018
327763366
427082849
327872467
326424444
12673541
12669463
327499677
227141446
327852105
12674769
327294714
327521702
327497135
328113306
328158237
328069412
327723046
327572463
328063058
327871398
327619729
327368491
327692442
327606392
327733335
328099109
427643379
427533654
328198611
328100727
227715434
328212851
327520129
427942783
328201272
428197771
427934888
327577384
228164121
427871975
12677172
328078241
326761378
327748154
12675463
12677067
328126416
327536432
328096878
327620557
327687724
328179056
12679108
11378295
428219198
328182464
228117042
428210565
328194497
427825159
228150759
328178831
428033345
328097386
428189418
328140648
220998732
428170911
227222845
328164393
427741737
428058798
427938344
327610799
427966992
12660407
427591727
327649334
327946908
327763412
327693449
327639398
228071638
427996972
328135342
227786404
12677008
328182472
427903893
228050231
428193504
327929876
328081471
328152336
328160584
327840743
327876276
327577287
327725294
12681021
12681056
328095065
322277935
327622223
427555097
427746607
427550036
12681617
427852938
427864731
427671542
427309061
427559122
427618153
427716074
427888843
427772527
427752763
427343707
427816052
427535029
427841057
427751619
427810127
427921999
427682641
427552675
427570541
427781496
427702308
427831183
427811875
224534005
427691705
427638618
427629821
427600351
427770834
427963403
427903672
427809188
428054849
427748456
427705153
427886131
427573176
427918459
427593649
427679365
427670198
427600238
427870111
427594262
427758567
427711757
427775585
427734374
427827089
427779009
427621383
427745031
427634043
328152611
427555089
427763676
427526917
427854736
426701405
328184548
427564452
427907589
328215273
427721094
427674282
427959716
427716309
427754499
327679055
328183711
427875229
427853071
426822709
427228894
427965783
427959554
427793826
427822583
427738108
427635716
427629775
427830489
427931706
427756041
426852594
427684822
428022793
427989232
427506576
428021533
327923886
427637433
427926605
328055098
427584208
428231805
11978713
427577023
427985172
427321029
427550303
427766853
427759113
427759016
427597105
427899039
328178629
427560309
427676501
227529193
427978214
328146603
11884425
X008771
328049322
427528006
428233344
428231589
428233565
328155777
427907872
428228235
428220862
427611582
427918564
428230167
427691918
427558487
427829758
427594785
428222954
428024192
427656195
427860493
426721163
427927881
427682552
328106067
428233255
427593347
12682397
427590429
427574806
328227301
327288196
328078632
427565629
427857123
427533603
427763153
327871819
327604586
428230663
328100441
427677834
427690822
328067916
428207696
426758709
427540774
12682575
327372243
228165438
427846962
327631877
427963632
12682362
427741966
428234626
427851745
428015606
426765381
228061799
326700271
427987159
328218183
227443248
328118405
328183355
227956083
427730123
328196155
327920925
326494043
427703223
328131401
328100328
328139577
427838358
427565661
327803937
12682672
228199685
428131738
328207173
328204603
224445029
228163885
328218094
428082923
427614778
328153316
427533689
328066944
427871568
427987558
427536181
328215877
427881652
427535592
427821021
427862836
328201221
428014014
427851923
427622878
427446735
327725928
427895467
427071162
227648869
328089332
328190459
327058603
428210522
427806138
428229169
427988511
327510867
328106571
427570258
428233727
328188551
427728137
327739309
427573206
328165187
322315829
328129547
427765539
427716112
327687341
427780554
328213882
327519058
427938611
427612309
427873919
427885526
425616196
428222946
427800326
327354954
428224779
327522881
427804844
427882055
326606739
327770885
328117301
327531287
328131142
327677036
428228189
12674696
427543269
327717615
427767469
328115724
427838463
327591808
328135121
427579654
427798224
427680746
427899306
427572358
427664546
224208248
328232887
327708365
328199537
328049829
327771423
427849325
427817822
228149629
12682478
227256936
328070992
427926184
426958414
328183789
427552845
427577775
427848841
328141008
327753042
328132106
327753069
327743322
327661962
328218264
427524469
427589986
427983218
327624153
428232747
328198921
427675661
427029255
327509249
427703983
327712958
328191943
327678903
428231996
228069862
328067673
427898865
427535207
328188438
328077776
328017579
X008785
327669866
428227891
327669688
427966941
327708012
427960439
428014073
427813282
328058607
427729516
427958574
428200942
328189051
327487016
427584089
327956113
427896641
427908984
427546403
427560678
428231112
328153995
328086805
327826554
328126947
427742202
328131959
327541207
428107357
327850455
427526771
427863158
327796272
328183479
427958396
427953211
328213289
427204634
328129113
428075102
328207165
327514544
X008788
328157656
328076346
427937453
427413632
324701661
427904369
428097068
327896927
327831825
328043995
427739007
427636658
427571599
327852385
328177533
12683784
222257012
227699382
X008793
427587789
328096371
328092708
327699447
328086686
427882888
428230159
327989097
227433595
327844722
428031997
328121236
327945006
427938743
328087569
427982904
328087038
427975282
427797112
328213815
327592081
427989925
427818969
428030095
427683745
327923975
327603377
428221419
327842576
327795071
328184823
427540723
328205332
427598667
328113802
228197232
328119568
327512398
327640698
327796361
427540456
428194152
327885895
428232666
427716708
328201248
327603725
328201191
327962229
328214137
327648427
327258882
328201256
426712237
328162447
327881245
328137477
328062302
328150228
428204999
12685272
328108175
428236742
328226356
327795233
327649458
427634531
12683822
427750248
427952312
328083849
328235487
427810062
428087852
428109902
427854876
327319725
328057694
328225937
427637506
327569446
327897338
428018788
12680459
328224051
328224604
228065433
328129326
323326921
428204077
227680274
328235835
427623173
327700062
328152697
12664445
327240452
327876179
427735095
328222962
328197585
12682133
327678385
328050665
228235894
327811662
327591778
327871762
327857573
327809099
327794547
12686929
328243439
325028251
228201671
228182812
428190637
327510964
327943887
327880044
327927369
328051076
328062345
328061454
426785196
226959402
12688093
425630016
428059042
228098862
428180658
428109775
427918009
12231115
228049071
428189175
427946541
428214498
428194578
427370437
428251822
428109244
428213947
428010302
428151275
328145046
427801292
12651971
12690624
12690144
12221853
428085752
327725421
12677202
228202317
12691388
12677229
228043456
12690217
227936252
12690446
228225538
328238796
X008872
12692295
X008873
12693763
227705641
228170776
12695944
12696371
12696444
X008950
224433101
228239695
12698951
428414195
X009072
X009073
12699397
12700417
12695499
